21465
563281
447187
500464
199771
65736
429281
202228
110638
106235
564280
309467
482477
401250
429530
579070
104666
326174
30828
331075
388903
8629
338428
186624
377393
104669
215644
304291
20059
36844
302452
245026
399764
172977
40036
523100
86220
370042
348881
213547
343803
408774
227985
324927
148957
283113
302760
261796
474881
537506
52017
167240
8844
198960
572620
516804
569917
194724
463283
220858
508917
51314
178744
148620
458255
68765
468925
540414
181666
492110
189078
193162
152870
193429
460682
58111
446117
356094
509403
133631
102820
284282
490413
341469
9378
143998
195842
348488
355169
420281
35062
213035
359937
395633
512776
50943
350122
279774
532481
278749
280930
455624
409268
215778
226903
541664
69106
22192
404484
556873
253695
21903
130613
364166
144932
138639
209972
468245
244099
257084
404479
550349
44652
474028
237316
546826
107554
274687
267434
116479
430875
415990
7108
147518
315450
107339
482487
40083
103548
55528
198489
441491
95707
33114
401244
380913
177015
420840
455085
108503
568814
229221
267903
206487
485802
456015
473121
449579
465718
551820
286907
152120
4765
11699
37740
77396
45550
482917
449312
345466
62355
366711
504589
30213
391722
39551
89045
323751
463522
473821
179392
530052
319607
55072
292005
521819
557501
293794
303893
570664
576955
388846
546556
569700
243495
548524
100624
161008
365208
44699
519039
30675
140076
568439
300842
274460
397133
424162
14038
31217
301376
377368
516601
151051
68078
15956
459954
485844
471087
573094
513524
322610
463730
577735
311295
337055
517523
236412
300276
293625
581482
448076
217948
78032
85195
54967
293044
292225
349860
85772
16228
31735
416758
270066
289222
403817
336265
499775
178028
551439
128675
552775
6894
567898
122672
127476
336053
31620
347370
38118
429718
231822
294831
216636
64499
148730
545730
79408
34873
565778
285
100582
161799
397351
484760
526103
397303
478474
354307
279927
151480
485130
283037
398028
16249
377239
41888
343934
65485
479155
475904
579900
8211
121153
350388
2261
12748
519208
88485
64462
345469
511321
68628
402346
356432
203294
7278
245764
384136
51712
515577
3845
313588
149222
475732
3934
368684
62692
499768
465549
434204
437392
361506
435880
321887
42296
568195
527750
494863
383337
402334
378244
79837
270244
533536
248631
74733
330396
237071
501243
553669
486112
238410
237118
350148
259690
142472
503841
572678
502336
255912
501005
574297
544519
128598
358923
156278
50844
340272
567886
410487
286849
405249
305343
24243
131138
239717
335427
227511
25139
488664
386457
243989
392818
308476
60363
324818
481573
178469
369370
438304
119088
304984
123585
17115
350405
476704
30785
166287
82715
155154
296649
271116
526392
520077
138115
485071
125806
256407
38576
19742
509260
246454
439994
209142
3661
57238
90062
51326
546219
118405
470779
437351
288391
497599
479030
113235
186296
169169
471991
204871
495146
180560
473237
229747
395903
562059
492937
191013
268729
458325
173057
264535
504635
57244
468577
493442
213255
69138
172617
434548
511647
312192
236690
361142
241602
5060
312421
243867
125472
566042
245448
97585
18575
39484
520659
308430
450686
117197
170955
228144
578236
136033
308328
41872
125072
218439
557884
132622
161397
453166
6771
417779
414170
159112
381971
2592
230362
157124
345356
263860
540466
160666
101022
214539
58350
309173
384949
348708
491464
39956
127530
534664
456394
112110
508101
459437
99810
504580
33104
483999
451435
370711
464476
25560
335328
234779
237928
76261
215723
486438
537827
390902
553339
111609
540502
240023
12639
46804
530162
140420
565776
306136
231088
297578
5600
439180
213224
109313
139883
108253
392722
125572
235064
68387
187271
512248
7088
239857
291791
546823
286503
147725
389684
381639
385205
154213
472030
22623
209613
16439
562448
124277
575243
341094
335800
350002
219578
90003
217400
157138
308466
82807
387387
155145
363840
80057
247917
150726
14831
18519
235836
156076
220584
321118
490936
462031
516708
377670
80671
549390
446207
546011
85157
267946
523807
335529
480985
340175
308531
9769
196754
25986
382009
523175
465430
574823
489924
235252
125952
126137
85665
491071
458054
154004
560474
109976
421757
224664
186637
296231
509735
48396
368900
134882
45229
433515
468124
78823
298738
67315
240767
63154
78170
166277
416534
438955
423104
261535
185292
274066
36678
493286
379533
176847
438876
190140
193884
79144
257169
453040
445658
479912
184324
144706
301867
60835
13923
217872
356424
460147
7386
481404
18380
290163
136915
522889
256868
253835
552612
268378
458109
190648
343496
570736
453841
565624
512476
158660
503855
59386
65288
13774
298396
333402
444275
165681
59044
129113
362434
322959
492282
333772
326462
464358
166642
538458
243148
82812
414795
42070
554579
348012
63965
222118
373705
434996
343937
547336
419098
272364
191471
133343
369037
367082
172330
80659
474344
24610
166521
221155
217425
291619
488710
374551
85911
66561
559842
560911
286458
163057
308193
152771
129945
231125
245320
32610
382743
130586
61960
374982
98520
488736
385719
163118
431693
159311
419653
340451
224222
173183
207306
256195
537153
395701
456662
165039
99242
252776
532493
428562
384808
85329
480842
231508
530470
269682
492992
445722
183246
48153
267169
27186
74457
254516
156292
236166
122745
166478
514586
515579
256941
100510
256518
261097
166166
81988
282296
314182
224337
376310
106266
210299
31050
388215
60347
453634
376278
141821
78959
10707
404805
72795
207538
463199
427649
228214
96001
377946
469828
346638
343976
1675
25181
356428
532690
268000
272049
313783
492878
334719
571598
272416
277020
365745
561366
505169
480944
491130
724
161044
222299
215072
462614
189451
467315
407960
364322
89296
396338
307172
394940
484351
349152
535578
408120
95069
513181
374052
80413
322944
53909
144003
250901
396518
223959
559956
431568
206027
376625
499109
61171
23034
439623
17899
531036
45596
556000
357748
253742
396729
200421
156071
232646
542856
209757
31093
74058
179487
203580
196141
389197
465179
284623
119038
116208
189310
514508
478393
289960
17178
81061
360325
574810
471893
324715
372718
205289
357430
143931
455597
21879
507473
492968
559348
564336
422670
234413
544444
420916
2299
498919
54628
289741
226802
81394
262682
312278
114871
58705
263068
166563
126226
151657
163258
292082
457078
10977
575815
123633
233771
244833
442009
428454
464251
136466
471869
448365
576566
137727
139872
413689
395343
572956
454798
263966
42178
75456
547502
351559
378515
347163
274219
568710
443426
227482
508586
177935
433103
153229
233727
214720
159684
495054
167902
46463
155451
417632
311002
67310
565391
371749
500477
562843
296657
6763
225757
83531
1584
455981
74646
47819
118515
361571
319617
279541
38678
568290
365098
476770
559707
213033
376112
9483
502732
138492
383339
452891
369751
135604
49810
219440
315219
163155
176857
36494
9400
228436
11615
82986
147740
189775
105923
244019
117425
122962
509131
294695
154358
497867
29187
522156
418961
312263
376900
536343
334309
491216
262938
92053
184611
542423
474039
211120
566758
474078
28449
521601
265777
71226
202445
98839
232538
268831
161820
418281
32901
241677
127394
453860
482978
313182
276018
387098
402433
554266
466835
509258
440508
145591
346703
297022
407825
182441
513283
493613
521405
383384
486479
314914
252294
290293
299887
229111
236914
161925
153343
282037
50828
481413
64574
86956
337987
176634
15497
394199
389804
441286
491213
295478
269316
435299
500663
377588
317024
500049
419974
413404
167898
306582
245915
335658
474293
431140
106048
421834
64359
443969
374083
150649
283318
52565
328601
168883
350679
451043
292415
491613
235399
65798
284279
323709
561465
522393
350054
179265
356347
538067
157365
412894
214200
328030
288430
329323
244411
560880
118209
477441
326970
520531
573626
90631
368294
178618
200162
179285
179898
357737
477955
292024
24144
349678
106881
549738
353180
89648
388927
540962
378673
387383
32334
371677
429690
426253
322829
94852
572303
173383
528862
406570
203629
57232
125257
41488
180296
271457
110211
232649
2587
249180
438226
79034
251140
517069
569976
72281
543043
209530
162543
240754
346905
550322
511384
554002
334555
66038
442456
162130
558114
402783
367386
111086
333956
22589
101787
280779
226592
104782
221213
360943
73153
439290
160556
129322
181303
278463
357238
154431
334977
9448
508482
213086
220732
349837
440475
397354
211069
464786
194875
196185
269942
466986
92660
9772
27696
415882
371472
407646
516871
340015
217753
58539
276921
168619
304396
131273
491867
213593
324158
303908
168593
308587
494913
439593
441553
128051
351362
393226
327601
115898
99182
148662
301563
309391
73326
323895
8277
338901
263594
148783
380711
542776
187990
473869
338905
433980
84241
486046
5001
399205
564091
180135
121673
295809
192670
376322
44068
33005
410221
259625
364884
463618
578967
451308
31749
464872
57027
219271
521719
562197
201025
328959
353051
168330
243626
556158
38825
256192
306437
300233
239041
2923
494869
561958
560256
310980
2157
210099
182155
267300
181499
511760
562207
519764
187236
129054
404568
285788
191614
460347
205401
526256
157046
445439
513041
341973
365095
157213
218424
258541
277689
107226
281687
171740
542127
20107
515982
127182
205333
167572
407518
572900
253386
360960
170191
452515
293390
393093
5193
44279
270883
241297
390826
235241
560312
121591
232348
134856
291551
555012
76731
481386
140987
284725
206218
335177
231339
515445
570471
2685
456496
472678
474021
336587
177065
443498
418696
47769
33854
131431
522751
477227
116362
323828
44877
322864
124975
329827
287527
563267
479099
295420
267537
225532
7977
203317
399462
557172
1353
31248
564127
73702
347930
271728
153527
399296
19221
356427
423617
342128
289059
449432
158227
121586
480122
13291
493284
216739
14007
433243
128748
281929
580418
193181
50638
338986
34205
419379
159399
504074
451155
546626
571893
578922
18833
139871
338219
515828
64898
285349
563349
255747
426376
402765
365387
24919
457262
393569
458755
221017
373382
198928
32285
137106
370486
58393
121506
315001
532530
379453
462629
375469
162366
48504
60770
253002
580197
289393
131938
429011
61471
77595
415727
441442
263644
410496
447611
163640
252219
165351
226058
357816
185950
530624
397681
176037
29397
292488
476215
574520
100238
72852
553511
165518
329614
177489
61108
249786
283520
166165
442306
458045
198915
154947
131386
313034
236721
37777
576654
92939
261706
532129
537355
166509
482319
289586
229659
78915
498286
519569
197658
119452
42563
447789
368752
93353
502347
8532
203864
89271
451714
391648
405195
439522
482970
376307
232684
393469
405970
310622
420069
203931
223182
160864
403385
407083
532761
508602
348045
206411
496722
377000
479248
521052
114884
62353
116825
138856
488166
577182
252216
450399
145781
38210
525247
152740
225184
320554
84664
88265
458663
183716
50679
370270
163314
212559
375493
442480
579970
414385
312720
42528
447169
192047
283038
463174
531495
347335
401446
261318
383921
482436
94336
193926
73946
69224
338625
430377
41635
6614
330790
356125
311518
489339
548555
159458
554156
157928
322895
119828
25096
33221
318908
368982
553094
411953
122969
133087
95843
553221
376093
416104
398438
292446
190841
67896
134322
441543
546659
332901
56127
486573
567432
109055
288062
205514
505942
343315
352618
51598
398652
369541
528524
424975
147415
366884
183437
243034
299355
99053
167122
302107
100489
173830
220764
311394
29984
254016
205542
335081
372203
458702
201646
424349
395180
266409
273551
566923
97994
94614
565469
481159
423506
180383
293071
531707
185472
451084
563653
283785
182162
441468
461405
440617
535858
17627
290843
47112
298904
517832
569273
530099
53994
463918
45070
99428
159282
199310
377814
481582
102411
19109
186449
441586
314541
439715
188689
85576
414673
427256
504415
559513
314034
563604
19402
169076
321333
384850
296317
108026
120853
499181
325838
329080
191845
119995
515025
132375
307145
195045
376206
308391
400922
35770
87476
106563
98287
275749
161032
280325
539445
203488
481480
580757
413395
547886
481567
114907
475678
186042
71877
260105
39480
232563
117744
303566
154705
460494
158744
301135
152214
179214
404678
212072
320664
482585
298251
34452
328337
361268
140658
57760
358525
11197
427055
351609
562121
559160
449190
527029
13597
88040
403565
451144
482275
558421
210789
322211
312406
57672
141671
462756
542073
102331
332318
488592
171788
181816
1268
325991
391144
437205
232692
80273
186938
134034
28809
177539
142092
430871
25386
84031
187055
116439
258911
198641
94326
255483
570782
413552
93261
480936
85376
108864
430056
8762
368961
291490
427077
490470
74209
8021
286182
310862
2532
192191
475779
365886
165336
559547
577864
460927
573391
164115
426329
222991
485895
172648
36936
40471
12062
115870
405306
200667
416885
579321
575970
446005
785
507037
578545
391290
471023
272566
405279
558854
488251
15746
228942
467511
355257
541952
365655
554735
176446
98633
451150
21839
415741
323355
288762
249550
136772
428111
479953
327701
510329
212573
519522
381360
109798
541123
347254
47585
242287
192964
138241
26564
236426
334767
212226
102805
239843
581357
347456
170739
361621
507235
125245
35682
563758
537270
520301
524108
363875
354547
199442
74256
186929
427034
355905
402096
565563
222094
122217
292908
335954
543581
305609
248980
281409
38070
474452
572517
399560
30494
522940
396205
416256
191288
375278
326128
194716
351096
231237
80153
197870
314251
579635
500211
11051
157756
568981
70254
538364
277051
529966
17905
352760
341921
379332
436738
148719
35963
211825
547519
241326
128658
377486
320232
445834
458223
470121
289659
540928
277005
94185
417285
447342
455716
67213
522007
155341
364297
434459
45728
227686
400815
288882
88462
293858
132796
468332
180101
407614
140270
308753
269113
51938
190923
326627
491470
322429
410428
461009
194746
328683
356248
130566
525322
151629
572555
70048
359781
287347
39405
11760
544605
124442
122606
394611
262895
540280
568147
18770
54605
421060
173008
401862
543047
181421
205282
394559
26465
81594
50006
78843
489611
359219
532855
327306
169356
172935
79588
343218
288042
153510
442993
467848
82765
293474
297562
247838
529148
384468
230819
278705
133233
544052
242678
117645
418959
455937
366225
480275
320490
49259
42889
128699
257478
192871
574425
34417
221291
15660
177934
286660
391375
10764
504439
432085
289938
276024
326541
327605
151962
466085
464089
414034
209747
176606
212166
436551
523229
43314
551350
219485
445999
344888
452084
210708
569059
155179
174231
24027
226662
560178
417043
477805
136633
121497
238039
134112
125129
516143
76211
227765
512836
68833
13201
276055
66841
484029
66635
286422
128112
37751
242060
53529
297353
49091
562443
281759
430073
130699
298994
104424
197022
144333
468233
175251
199055
548780
519491
465129
527215
340697
361180
99054
370999
415238
290592
189226
35197
297396
31322
212453
437514
412887
541773
88848
498032
208901
555050
562581
63047
300155
282298
561889
267670
461275
397639
312552
115885
280891
389381
545129
263796
287649
521282
262227
398742
192716
473118
100428
535306
189820
475191
55167
133567
275058
311081
149406
186632
273493
364126
351810
111951
360564
213422
282912
438907
579307
45472
125062
255536
234807
248334
183391
311789
157807
465180
355677
189213
283412
253819
7991
159977
358195
316666
500716
82688
213816
215114
115245
2473
175364
363784
23023
507081
80022
169996
143556
403584
557916
32887
197528
396568
372819
524280
81738
76417
176799
52412
311909
480212
272148
68286
305317
292060
509699
425702
260925
289415
319100
213171
223789
142620
496597
54592
492284
546964
394510
273642
226171
329319
416991
520910
432553
366178
494427
238013
513484
78420
294162
256916
427500
31269
301981
428218
398203
430973
485480
407574
12120
93717
21604
183675
357081
250127
261161
58384
448256
258793
445846
109118
529762
545958
507223
440184
161642
351823
382696
14226
356968
507975
463647
512403
367680
402992
508312
447314
372260
527528
191761
33638
162035
370208
306139
33707
172595
46031
17182
351530
436883
187249
349302
148999
104119
308793
199551
184791
15335
569565
427338
150224
60823
455352
78266
551815
560266
182805
405432
442661
138550
46497
194216
34760
414340
281447
85823
165500
14380
503823
167540
140640
501523
400161
383621
22755
157418
146667
80340
8690
502136
376478
18491
557258
413247
434479
404922
59635
224724
154339
160772
252507
361551
266892
4495
217219
52891
253452
292997
77460
579655
345261
185409
161128
307598
410880
264335
256775
89670
233139
409211
560279
50326
112634
141328
341196
458768
257566
377723
366611
469652
217614
193245
136715
245576
408830
144300
110449
352584
252332
307658
465806
561009
244750
135902
206579
233033
47801
572462
201676
409542
330554
458992
19432
475150
3553
174018
286994
521259
66135
74200
528980
184978
477689
559543
242411
126216
308394
121242
229601
6471
295316
294350
205834
262048
572388
459757
284764
150417
575187
83172
13659
57149
485424
17714
92124
244181
416269
302030
20247
483531
217957
122927
529105
489091
285894
342971
329447
477288
18837
111207
202339
548246
389933
376365
127135
350023
555705
223130
378116
304817
88345
95862
278848
395801
128654
196442
536038
502910
450075
68093
135561
243204
216516
495732
151857
424721
95899
164969
423519
579818
170474
82846
112298
530975
543528
7888
389316
166426
153632
51738
288584
419312
451879
104572
369771
48564
493772
18150
70739
361147
575205
62808
556765
507042
266400
64495
11122
182611
39670
565045
179141
212895
203546
547383
249025
368335
196009
398810
275198
204186
232088
486104
31817
107851
313454
542625
528399
350019
316054
331799
49269
9891
19924
549136
449996
389566
181542
489046
378453
61584
457559
563603
558558
520707
416170
502599
442161
367569
491725
577959
287667
536947
450100
439854
190756
263425
515350
14473
560371
511398
237864
472046
188465
213935
149375
543300
579893
106330
292155
580294
176778
290179
499266
520832
160012
546717
567640
20571
482800
203095
521540
407298
384666
79651
76416
354753
200252
246522
369323
106912
414676
337498
201426
313130
476258
98392
378873
546829
168974
130826
146363
419882
527427
455448
452321
502168
311950
231580
342397
1296
412286
65074
387148
536073
450303
405205
149770
545594
462904
532071
453981
287291
566524
474786
546976
566282
137950
96549
5503
555972
305695
297681
332455
190007
154000
511599
164602
334530
157847
490171
414261
250758
79188
471450
534270
448410
281032
302990
466125
551794
396580
339442
283070
241668
514540
70774
2149
327769
417465
28285
329456
343466
156372
246436
184762
525600
180011
369757
139099
509014
118921
195918
407868
192607
399655
570834
323571
10583
173044
393838
124798
125850
146155
415536
470952
435205
196759
356169
162732
463542
345941
61418
336658
459195
180188
532575
444879
426372
570539
183127
512564
355817
8899
67180
411938
243344
287959
118367
534041
50149
167067
52462
537241
270705
553788
210394
318238
52591
170893
361238
369503
407002
33109
459634
509451
577584
34139
272136
97924
22371
314177
132931
419601
452784
511999
245102
222235
537802
508730
240940
470173
153797
167128
334399
227044
162415
554328
61658
558073
127517
217285
318114
371529
153782
464689
260261
538236
248314
512657
49759
350833
30504
194940
553776
3156
39914
270474
439773
449909
259571
287714
179642
420230
338624
516173
19042
530466
10995
389532
519688
440336
288862
454750
35279
131444
364557
38048
297085
565607
43737
484404
163562
164363
372307
193717
123131
15517
466256
546475
375078
352582
568213
426203
189698
561679
147498
114770
56545
71451
554838
222317
50331
523033
16598
410650
551660
137576
383842
91615
407403
453001
139077
45090
59598
363072
410510
275727
507575
63740
146489
155291
347174
255165
255401
82821
94944
287874
275392
444142
361103
140203
41990
469067
64084
520264
112798
378284
462576
105335
84674
281179
133819
574315
263403
127092
460333
571804
410612
120777
476810
155443
471567
115946
236592
24567
353027
291634
366141
46252
252559
318455
345397
224119
550084
161861
201775
477623
20553
553664
60052
53505
154087
290619
182202
446651
145597
329219
259854
79229
329455
325527
551804
357978
130599
27768
504711
27982
469192
29675
531134
239773
526751
60449
320632
426241
201934
251572
565597
172547
340930
5992
248111
365766
199236
205324
471789
268375
186422
300913
545219
341719
517056
259830
364636
531135
494759
317433
70229
541634
137246
3255
401991
415748
107094
392228
431876
371552
71756
551822
474167
328238
1993
414133
470773
357060
431545
511453
132587
84650
105249
192904
289992
199681
354829
426297
396903
240049
203389
295138
146498
284296
570456
166391
113051
459662
5529
437331
271471
457848
306893
360137
66926
181859
533206
412531
350607
243199
437898
270908
429109
136355
4795
46048
171611
802
537812
165831
6012
52413
336356
39477
292236
127955
290771
170278
386879
302536
6460
6040
346232
165257
375763
227187
23937
577539
286708
408696
442746
12280
342186
312340
493799
129135
528578
247806
436617
231527
128148
151662
188296
7784
312237
297427
387916
391140
17029
232244
301718
447313
25424
6818
80932
394206
453722
415716
62025
206838
506279
316015
104612
234757
377497
409358
527784
88951
327592
50896
579091
364587
222455
347265
343453
18193
214224
539143
234607
209753
173371
204329
535523
451693
137294
230008
511076
238866
406611
281754
351331
55150
170613
526197
535608
203639
424776
224675
344059
233370
154425
37988
338532
512929
526728
67616
403353
183648
569825
109441
289594
185890
7816
389812
258883
372577
484296
434230
66771
79014
578093
424545
13729
7511
529939
402774
343706
299609
214753
173004
79031
230166
447465
510095
60855
207844
422706
89761
127494
378605
134689
33759
206025
26690
390555
227898
386134
506933
100723
59920
425906
266768
334371
393014
526706
563882
212800
6213
297084
504389
276285
232489
433204
170099
187745
274272
424642
416837
146457
210502
71711
468501
463849
562243
197388
445365
506656
182417
512985
6723
488673
250282
336309
315187
235857
163257
423798
438774
154644
170545
31296
297147
236308
297830
359677
502229
233825
551304
261116
51008
284762
91921
284991
188592
132116
153217
345027
304404
447200
455219
400573
170670
366199
37689
523957
402118
306733
58655
482100
222735
269932
237517
205647
172083
112378
548267
17207
157390
356531
325347
171298
229858
563648
482735
32861
434247
265816
166664
146358
581100
492905
162092
305309
91654
407943
479732
395575
138979
221754
370813
506707
382734
251065
521956
442822
533816
372466
411774
460379
533145
334521
51610
286908
320696
417876
116589
513580
178982
113720
101420
521509
144984
91495
140439
410878
356505
15338
456865
885
357903
468954
578489
249129
282046
552902
166747
42276
140840
37670
42628
564023
201418
310072
154718
114049
312586
269314
248810
259382
374545
61333
87742
489014
505565
279145
417608
172649
484415
459887
369675
210030
239537
273132
197004
276804
173302
72813
369310
26941
398237
218249
32038
96825
43435
14888
298697
153011
523811
488385
349184
344909
404601
248284
142585
506004
132703
84362
228981
89880
267933
119641
221281
140583
478420
57725
270297
471756
205105
217060
90208
97230
279714
210273
474170
229849
378454
493566
432898
82180
41633
433915
534605
402615
333069
571008
575357
325031
274411
333745
67534
501023
90284
2006
250619
453708
455555
246308
99024
426795
343149
120584
226408
173799
273715
187734
384661
262631
492077
89556
352900
354072
111179
206271
244379
277197
498463
491683
410456
138954
347693
498857
27932
233238
6954
575500
87244
192699
81766
186282
380203
46378
29640
324258
55299
561256
352684
193674
467176
263679
439426
327617
175535
435208
336232
187513
403122
117492
537053
291664
174004
466156
549220
93154
344614
441247
368940
386210
231169
61268
308545
485027
151820
363666
160728
244496
184321
355325
236845
51976
490125
113403
179653
9590
66706
229311
463037
31118
563470
194832
172946
359540
213605
231747
96960
276720
279887
85682
455157
410712
379441
539883
210230
367195
474164
163611
131379
294783
146831
269866
147745
65455
255749
218091
491366
448448
565853
64523
267351
183500
117914
216497
108440
567197
412240
386277
104619
581615
5037
